17
12
11
16
3
5
4
4
8
4
12

0
Цюцяк
Дмитро
Ігорьович
12
3
2003
18
чоловіча
плавання
пл-1
плавання
4

1
Левченя
Віктор
Вікторович
21
8
2003
17
чоловіча
їзда_на_конях
їк-1
піший
3

2
Курій
Петро
Богданович
2
7
2004
16
чоловіча
плавання
пл-1
плавання
3

3
Павликівська
Марія
Василівна
19
5
2005
16
жіноча
спелеологія
сп-1
піший
3

4
Бриндзей
Володимир
Тарасович
7
2
2003
18
чоловіча
спелеологія
сп-1
піший
2

5
Струтинський
Максим
Романович
12
1
2004
17
чоловіча
спелеологія
сп-1
піший
1

6
Денис
Едуард
Віталійович
24
11
2002
18
чоловіча
альпінізм
ал-1
альпінізм
1

7
Шарамайлюк
Ростислав
Романович
30
12
2002
18
чоловіча
їзда_на_конях
їк-1
0
0

8
Бриндзей
Роман
Романович
9
1
2000
21
чоловіча
спелеологія
сп-2
0
0

9
Барбур
Артур
Сергійович
4
8
2004
16
чоловіча
їзда_на_конях
їк-1
0
0

10
Бриндзей
Анастасія
Романівна
2
12
2004
16
жіноча
плавання
пл-2
плавання
1

11
Бриндзей
Влад
Тарасович
12
9
2000
20
чоловіча
альпінізм
ал-2
альпінізм
1

12
Майко
Ліля
Віталіївна
8
8
2007
13
жіноча
їзда_на_конях
їк-1
0
0

13
Романюк
Андрій
Васильович
8
6
2002
19
чоловіча
альпінізм
ал-2
альпінізм
1

14
Соломовська
Світлана
Василівна
25
4
2005
16
жіноча
спелеологія
сп-1
0
0

15
Шоно
Софія
Григоріївна
14
9
2005
15
жіноча
їзда_на_конях
їк-2
0
0

16
Бриндзей
Сергій
Тарасович
15
6
2004
16
чоловіча
спелеологія
сп-2
0
0

0
Яковів
Андрій
Тарасович
7
2
2003
18
чоловіча
спелеологія
спелеологія
сп-1
10500
спелеологія
0
0
2
-21
4
-22

1
Яков'юк
Максим
Віталійович
24
10
2002
18
чоловіча
їзда_на_конях
їзда_на_конях
їк-1
11500
їзда_на_конях
0
0
2
-21
5
-22

2
Бурий
Віктор
Миколайович
22
3
1968
53
чоловіча
плавання
плавання
пл-2
14000
0
0
0
2
-21
1
2
11
-22

3
Дідух
Василь
Романович
5
12
1984
36
чоловіча
альпінізм
альпінізм
ал-1
8500
0
0
0
1
-21
12
13
-22

4
Струк
Марія
Іванівна
9
10
1992
28
жіноча
плавання
плавання
пл-1
13500
плавання
1
1
-21
0
6
-22

5
Вацеба
Іван
Тарасович
14
7
1984
36
чоловіча
альпінізм
альпінізм
ал-2
10250
0
0
1
-21
14
15
-22

6
Белей
Ростислав
Іванович
4
11
2001
19
чоловіча
спелеологія
спелеологія
сп-2
7500
0
0
0
1
-21
-22

7
Борин
Миколай
Вікторович
19
12
1986
34
чоловіча
їзда_на_конях
їзда_на_конях
їк-2
11500
0
0
-21
9
-22

8
Вівчарик
Віталій
Мирославович
19
10
1983
37
чоловіча
плавання
плавання
пл-2
11450
0
0
0
1
-21
3
-22

9
Селепій
Роман
Тарасович
30
8
1988
32
чоловіча
альпінізм
альпінізм
сп-1
14500
0
0
2
-21
10
-22

10
Ярчук
Валерія
Віталіївна
29
3
1975
46
жіноча
плавання
їзда_на_конях
їк-1
17000
0
0
1
-21
8
-22

11
Струтинський
Павло
Володимирович
8
10
1987
33
чоловіча
плавання
спелеологія
пл-2
9800
0
0
0
1
-21
7
-22

0
Ониськів
Олександр
Мирославович
21
1
2003
18
чоловіча
плавання
пл-1
плавання
4
-31

1
Говзан
Іван
Іванович
9
10
2004
16
чоловіча
альпінізм
ал-1
альпінізм
1
-31

2
Насімук
Миколай
Васильович
6
4
2001
20
чоловіча
плавання
пл-1
0
0
-31

3
Грушаник
Діана
Олегівна
21
1
2003
18
жіноча
плавання
пл-1
плавання
2
0
-31

4
Магас
Наталія
Андріївна
8
2
2003
18
жіноча
їзда_на_конях
їк-1
піший
1
0
1
-31

5
Дубейчук
Віталія
Петрівна
4
10
2003
17
жіноча
спелеологія
сп-1
піший
1
1
-31

6
Павликівський
Роман
Петрович
4
7
1998
22
чоловіча
плавання
пл-2
плавання
1
1
-31

7
Кубірка
Галина
Дмитрівна
9
9
2005
15
жіноча
альпінізм
ал-1
альпінізм
1
0
1
-31

8
Лутчин
Мирослав
Олексійович
9
10
2000
20
чоловіча
плавання
пл-1
плавання
1
0
-31

9
Бойко
Дмитро
Федорович
16
12
1972
48
чоловіча
їзда_на_конях
їк-1
0
0
0
-31

10
Куцан
Сергій
Назарович
26
1
2003
18
чоловіча
альпінізм
ал-2
0
0
0
1
-31

0
4
0
0
10 6 2021
10 0
11 0
0
2
2
-41
0
2
3
-42

1
2
0
1
12 6 2021
9 0
10 0
10
-41
-42

2
2
0
1
15 6 2021
17 30
18 30
10
-41
-42

3
8
0
1
17 6 2021
10 30
11 30
10
-41
-42

4
0
2
4
9 6 2021
12 0
14 30
3
4
5
-41
5
-42

5
1
3
6
20 6 2021
10 0
12 0
1
7
9
12
-41
4
-42

6
4
0
0
1 7 2021
16 0
15 30
0
2
2
-41
0
2
3
-42

7
11
0
1
2 7 2021
9 15
10 30
10
-41
-42

8
10
3
6
15 7 2021
10 30
12 30
1
7
9
12
-41
4
9
-42

9
7
3
7
14 7 2021
19 0
20 0
15
-41
-42

10
9
2
4
15 6 2021
10 0
11 30
3
4
5
14
-41
5
-42

11
2
0
1
18 6 2021
14 0
16 0
10
-41
6
-42

12
3
1
2
12 6 2021
9 0
12 0
6
3
-41
1
7
-42

13
3
1
2
15 6 2021
9 0
12 0
6
3
-41
1
7
-42

14
5
1
3
13 6 2021
10 0
13 0
11
13
-41
10
-42

15
5
1
3
17 6 2021
9 0
12 0
11
13
-41
10
-42

0
0
13
6
2021
10
30
0
1
2
3
6
8
11
-51
10
9
8
7
4
3
-52

1
1
20
6
2021
16
0
4
5
3
8
6
11
10
-51
4
5
6
7
10
-52

2
3
20
6
2021
10
0
0
1
2
9
-51
-52

0
плавання
0
0
0
2
10
2
-61
2
4
8
10
11
-62
2
3
6
8
-63
0
-64


1
альпінізм
1
0
6
3
11
13
-61
3
5
9
-62
1
7
10
-63
1
-64


2
спелеологія
2
0
3
4
5
8
14
16
-61
0
6
-62
5
-63
-64


3
їзда_на_конях
3
0
1
7
9
12
15
-61
1
7
-62
4
9
-63
2
-64

0
пл-1
0
0
2
2
-71
0
2
3
8
-72
4
8
9
10
-73

1
пл-2
0
10
-71
6
-72
2
8
11
-73

2
ал-1
1
6
3
-71
1
7
-72
3
-73

3
ал-2
1
11
13
-71
10
-72
5
-73

4
сп-1
2
3
4
5
14
-71
5
-72
0
9
-73

5
сп-2
2
8
16
-71
-72
6
-73

6
їк-1
3
1
7
9
12
-71
4
9
-72
1
10
-73

7
їк-2
3
15
-71
-72
7
-73

0
0
115
піший
м.Івано-Франківськ
м.Надвірна
смт.Делятин
оз.Несамовите
-91
0
м.Яремче
60
-92

1
1
25
піший
с.Радча
супермаркет_"АТБ"
Вовчинецькі_Гори
-91
0
ІФНТУНГ
60
-92

2
0
7
піший
с.Радча
Сонячна_електростанція
р.Бистриця_Надвірнянська
-91
0
за_селом
30
-92

3
9
140
альпінізм
м.Івано-Франківськ
м.Надвірна
м.Яремче
г.Говерла
-91
0
м.Яремче
120
-92

0
оз.Несамовите
0
29 5 2021
29 5 2021
піший
0
0
1
2
3
4
-81
0
-82
-83

1
Вовчинецькі_Гори
1
10 6 2021
10 6 2021
піший
1
0
0
1
3
-81
0
-82
-83

2
Дамба
2
17 6 2021
17 6 2021
піший
2
0
0
1
2
3
4
5
-81
0
4
3
5
-82
-83

3
Вовчинецька_ріка
1
20 6 2021
21 6 2021
плавання
5
0
0
2
10
-81
0
3
6
8
-82
4
-83

4
г.Говерла
3
12 7 2021
14 7 2021
альпінізм
11
2
6
11
13
-81
1
7
-82
-83


0 Бойчук Валентин Тарасович
6 11 1999
21
чоловіча
плавання
17500
8 6 2021


1 Тетеря Миколай Віталійович
5 8 1965
55
чоловіча
альпінізм
20500
8 6 2021


2 Гречанюк Марія Михайлівна
18 3 1960
61
жіноча
спелеологія
22500
8 6 2021


3 Струтинський Василь Дмитрович
14 6 1964
56
чоловіча
їзда_на_конях
1900
8 6 2021


0
3
0
2


1
1
1
2


2
1
0
2


3
1
4
2


4
1
4
2


5
1
4
2


6
1
9
2


7
1
9
2


8
1
9
2


9
1
9
2


10
1
9
2


11
1
9
2

